4294967279,47
4294967279,46
4294967279,45
4294967279,44
4294967279,43
4294967279,42
4294967279,41
4294967279,40
4294967279,39
4294967279,38
4294967279,37
4294967279,36
4294967279,35
4294967279,34
4294967279,33
4294967279,32
4294967279,83
4294967279,82
4294967279,81
4294967279,80
4294967279,79
4294967279,78
4294967279,77
4294967279,76
4294967279,75
4294967279,74
4294967279,73
4294967279,72
4294967279,71
4294967279,70
4294967279,69
4294967279,68
4294967279,67
4294967279,66
4294967279,65
4294967279,64
4294967279,63
4294967279,62
4294967279,61
4294967279,60
4294967279,59
4294967279,58
4294967279,57
4294967279,56
4294967279,55
4294967279,54
4294967279,53
4294967279,52
4294967279,51
4294967279,50
4294967279,49
4294967279,48
4294967279,528
4294967278,155
4294967278,336
4294967278,153
4294967278,35
4294967278,33
4294967278,32
4294967278,31
4294967278,30
4294967278,29
4294967278,28
4294967278,25
4294967278,23
4294967278,22
4294967278,21
4294967278,20
4294967278,19
4294967278,18
4294967278,17
4294967278,16
4294967278,14
4294967278,13
4294967278,12
4294967278,11
4294967278,10
4294967278,9
4294967278,7
4294967279,126
4294967279,125
4294967279,124
4294967279,123
4294967279,122
4294967279,121
4294967279,120
4294967279,119
4294967279,244
4294967279,118
4294967279,117
4294967279,116
4294967279,115
4294967279,114
4294967279,113
4294967279,234
4294967279,112
4294967279,111
4294967279,230
4294967279,110
4294967279,228
4294967279,109
4294967279,108
4294967279,107
4294967279,106
4294967279,105
4294967279,218
4294967279,104
4294967279,103
4294967279,102
4294967279,101
4294967279,100
4294967279,99
4294967279,98
4294967279,97
4294967279,96
4294967279,95
4294967279,94
4294967279,93
4294967279,92
4294967279,91
4294967279,90
4294967279,89
4294967279,87
4294967279,86
4294967279,85
4294967279,84
4294967279,22
4294967279,21
4294967279,18
4294967279,15
4294967279,13
4294967279,10
4294967294,1419
4294967278,151
4294967278,335
4294967294,173
4294967294,163
4294967294,998
4294967294,190
4294967294,421
4294967279,527
4294967278,334
4294967278,37
4294967279,526
4294967278,333
4294967278,36
4294967278,147
4294967279,525
4294967278,146
4294967278,332
4294967278,34
4294967278,145
4294967278,144
4294967279,524
4294967278,143
23,6
23,5
4294967278,142
23,4
23,3
23,2
23,1
4294967279,523
4294967278,141
4294967279,522
4294967278,331
4294967278,27
4294967279,521
4294967278,26
4294967278,138
4294967278,277
4294967294,1422
4294967294,1421
4294967294,1095
4294967278,136
4294967278,330
4294967278,24
4294967278,135
4294967279,134
4294967279,133
4294967278,133
4294967279,271
4294967278,276
4294967279,270
4294967279,267
4294967278,15
4294967279,279
4294967278,274
4294967279,520
4294967279,17
4294967278,273
4294967278,283
4294967279,277
4294967278,270
4294967279,265
4294967278,269
4294967279,264
4294967278,268
20,4
4294967279,263
20,3
20,2
20,1
4294967279,519
4294967279,12
4294967278,267
4294967279,262
4294967278,281
4294967279,261
4294967278,265
4294967279,275
19,4
19,3
19,2
19,1
4294967278,329
4294967278,8
4294967279,258
4294967278,264
4294967279,257
4294967278,261
4294967279,256
4294967279,274
4294967278,328
4294967278,6
4294967278,327
4294967278,5
4294967279,255
18,6
4294967279,518
4294967278,4
4294967278,278
4294967278,259
4294967279,517
4294967279,132
4294967278,258
18,5
4294967279,516
4294967279,131
4294967278,326
4294967279,515
4294967279,130
18,4
4294967278,325
18,3
18,2
18,1
4294967278,324
4294967279,514
4294967279,129
4294967278,323
4294967279,513
4294967279,128
4294967278,322
4294967279,512
4294967279,319
4294967279,127
4294967278,255
4294967278,321
4294967279,318
17,5
4294967278,254
4294967279,317
4294967278,320
17,4
17,3
17,2
17,1
4294967279,316
4294967278,253
4294967278,250
4294967278,249
4294967294,389
4294967294,120
4294967279,315
4294967278,247
4294967278,243
4294967278,240
4294967278,238
16,5
4294967278,237
16,4
16,3
16,2
16,1
4294967279,314
4294967278,236
4294967278,235
4294967278,232
4294967294,387
4294967278,230
4294967278,231
4294967278,228
15,5
4294967278,224
15,4
4294967278,222
15,3
15,2
15,1
4294967278,221
4294967278,220
4294967278,214
4294967278,217
